0.884146 1.192456
0.966289 1.155321
1.036091 0.911698
1.146532 1.010797
1.050618 1.016730
0.911454 1.098715
0.970843 0.908011
0.869924 0.961419
1.062899 0.907730
0.893948 1.067452
1.067489 0.954851
1.083224 1.167992
0.980450 1.113620
0.889676 0.972918
0.874673 0.957793
0.814954 1.108896
1.075900 1.093124
0.892740 0.921867
1.004987 1.080673
1.168957 1.086801
1.199048 1.023383
1.192016 1.186731
0.823963 1.078402
0.925797 1.023969
1.190942 0.957756
0.897720 1.025886
1.189221 0.879751
1.194482 0.907547
1.147984 0.833656
1.117978 1.154064
1.039436 0.820191
1.113889 0.884854
1.135948 0.930314
1.185376 1.062557
1.033491 1.124717
1.004437 1.008783
1.154064 1.176659
1.133506 1.189636
1.039460 1.040584
0.969561 1.033027
0.949028 0.909012
0.823560 1.140745
1.073739 0.820203
0.947356 1.057393
0.879177 1.079073
0.920914 1.158934
0.890054 0.953948
1.012079 1.023200
1.028449 0.911576
0.921598 0.845058
1.018574 1.052913
1.125730 1.058492
0.970452 1.012189
1.028974 1.128221
0.854909 1.181774
1.139598 1.073421
0.982598 0.925272
1.080184 1.085946
0.999261 0.841542
1.045882 0.805506
1.110093 1.141771
0.922807 0.814563
1.045381 0.802490
1.079171 1.115012
0.880044 1.156920
1.041401 1.149559
0.819703 0.986847
0.868081 0.930155
0.865505 1.178137
1.033992 1.035798
1.070443 0.801648
0.836769 1.042537
0.899527 1.082809
1.138768 0.947905
0.806507 1.121604
1.056526 1.152403
0.939250 1.026130
0.810474 1.160546
0.886746 1.121799
1.147288 0.963897
0.979925 0.898843
1.147191 0.868715
1.058882 1.160619
0.829261 0.930509
0.819019 1.035127
1.166649 0.958171
0.848610 0.912467
1.124473 1.050240
0.870254 0.970391
1.132994 0.825550
1.098715 1.150707
1.008295 0.911026
0.827686 1.049055
0.933244 0.848878
0.958013 1.180310
1.111045 0.985992
0.979730 0.882376
1.103916 0.907730
1.120554 1.120774
0.869509 1.178796
0.973272 1.056331
0.907486 0.953630
0.914567 1.038911
1.128587 1.018891
0.827686 0.889273
1.059078 0.830335
0.841591 0.931693
0.992718 1.106906
0.998944 1.039924
1.102927 0.944157
0.965532 1.158983
0.927580 1.009906
1.093637 0.965056
1.039021 0.984259
1.151708 0.926408
0.911600 0.806738
0.833033 0.827357
1.199585 1.092990
1.155870 0.818189
0.837465 1.083346
0.867214 1.053255
1.175695 1.086154
0.963372 0.979888
1.163781 0.977996
1.039058 1.140660
0.993829 0.923405
0.978143 0.951274
1.016547 1.076742
0.898282 0.916886
0.942436 0.828468
0.861782 1.149132
0.940764 1.158617
0.865615 1.046394
0.848488 1.059529
1.022626 0.800000
1.102023 1.190967
0.846767 1.188574
0.804028 0.929447
1.154772 1.123142
0.937980 1.174816
1.096542 1.005634
0.942778 1.076193
1.027204 0.963152
1.060030 1.040120
0.932841 0.820386
1.066634 0.983074
1.122800 0.872976
1.004767 0.991119
0.900784 1.124046
0.922294 0.949065
0.409299 0.058199
0.044511 0.377026
0.483459 0.167516
0.409757 0.136418
0.336268 0.127186
0.242927 0.200400
0.353084 0.252190
0.436354 0.130696
0.383175 0.141346
0.003357 0.207678
0.373714 0.338237
0.408155 0.003998
0.461516 0.118213
0.017319 0.091891
0.163533 0.479354
0.439451 0.087359
0.056734 0.165716
0.267647 0.484603
0.087588 0.301050
0.491470 0.483306
0.402280 0.460738
0.092944 0.262535
0.337916 0.260521
0.093188 0.403821
0.465667 0.289987
0.064562 0.416807
0.326044 0.468749
0.374447 0.070711
0.247459 0.153706
0.176000 0.484420
0.388180 0.075396
0.411664 0.178518
0.392636 0.431578
0.344920 0.042482
0.302683 0.216041
0.386074 0.419874
0.114261 0.111179
0.227546 0.264901
0.120243 0.021867
0.054399 0.073412
0.429991 0.079180
0.345668 0.041398
0.306360 0.192053
0.032090 0.154164
0.210715 0.474715
0.026032 0.159261
0.196493 0.128422
0.388989 0.126408
0.042070 0.105365
0.152394 0.047411
0.263604 0.132817
0.057527 0.179159
0.398160 0.425871
0.229835 0.083087
0.198233 0.166753
0.053499 0.063921
0.127857 0.078906
0.261834 0.460997
0.301126 0.173788
0.009156 0.495209
0.253731 0.498795
0.439665 0.124851
0.188223 0.464217
0.019013 0.113300
0.083316 0.077395
0.144322 0.261696
0.308344 0.162328
0.297983 0.009812
0.132954 0.392682
0.261101 0.358364
0.273171 0.216285
0.152120 0.315424
0.364086 0.499710
0.306360 0.320704
0.499893 0.470244
0.261803 0.350307
0.232109 0.284204
0.367153 0.155248
0.166234 0.299188
0.277444 0.337077
0.047746 0.378521
0.353053 0.213294
0.478072 0.306192
0.227653 0.176138
0.150822 0.140141
0.060686 0.497559
0.249489 0.082217
0.240059 0.283578
0.396588 0.192785
0.050645 0.031327
0.295373 0.028306
0.074343 0.491562
0.454558 0.029786
0.336970 0.290124
0.136479 0.240410
0.468093 0.011200
0.419858 0.180258
0.389050 0.195776
0.017014 0.456603
0.294916 0.458022
0.237053 0.437468
0.446135 0.173162
0.234718 0.066897
0.035173 0.439726
0.436445 0.149968
0.144246 0.269234
0.283410 0.185507
0.059191 0.206702
0.182897 0.075030
0.455687 0.334758
0.308115 0.285562
0.222938 0.364849
0.137242 0.294733
0.440901 0.268365
0.372616 0.396390
0.276254 0.150990
0.130009 0.194403
0.313028 0.323298
0.039521 0.363353
0.083514 0.270791
0.147801 0.003677
0.314798 0.476470
0.262917 0.170003
0.156911 0.299051
0.132130 0.400037
0.407971 0.360073
0.093310 0.322947
0.002045 0.142720
0.090686 0.174718
0.275353 0.255882
0.195334 0.299020
0.276269 0.066225
0.021271 0.461394
0.135166 0.151692
0.177725 0.055147
0.259224 0.279336
0.148030 0.027024
0.368099 0.360622
0.236000 0.100543
0.136158 0.087588
0.470321 0.125507
0.456679 0.202643
0.107471 0.131489
0.093646 0.105228
0.124042 0.413602
0.237236 0.248772
0.338832 0.228584
0.227714 0.030488
0.055452 0.429456
0.464415 0.127720
1.866222 0.116581
1.764550 0.483551
1.507508 0.133686
1.688055 0.395016
1.907865 0.486572
1.593768 0.406934
1.818705 0.012818
1.942717 0.464629
1.669057 0.380764
1.614078 0.028367
1.534303 0.245369
1.749535 0.103122
1.859859 0.139805
1.891461 0.386196
1.830363 0.430265
1.930769 0.486358
1.525040 0.412503
1.629917 0.417264
1.749840 0.377987
1.736717 0.318506
1.686789 0.228065
1.954649 0.107273
1.751595 0.463958
1.785165 0.013794
1.799677 0.130924
1.507752 0.203757
1.571612 0.044664
1.813334 0.440641
1.518311 0.378002
1.856487 0.491379
1.896878 0.436125
1.742363 0.228202
1.777398 0.198370
1.713828 0.129872
1.851680 0.454863
1.554231 0.135609
1.684271 0.115680
1.971862 0.054445
1.796487 0.021485
1.981231 0.483627
1.724067 0.332804
1.547304 0.438643
1.939192 0.326762
1.507874 0.148640
1.777215 0.179128
1.539888 0.219687
1.759026 0.059908
1.685461 0.119495
1.949553 0.120350
1.702933 0.186499
1.742851 0.199881
1.758889 0.116489
1.714866 0.330729
1.726554 0.129963
1.933958 0.368694
1.606204 0.273110
1.870083 0.327830
1.833415 0.055895
1.793435 0.247520
1.990509 0.380093
1.802683 0.169790
1.686956 0.460417
1.873989 0.055193
1.624439 0.192099
1.570910 0.215171
1.612003 0.167791
1.806284 0.089251
1.547090 0.296915
1.796289 0.445082
1.628040 0.230888
1.597705 0.329371
1.813547 0.046953
1.868709 0.348033
1.794931 0.394055
1.743812 0.103458
1.996704 0.053560
1.964003 0.367214
1.871014 0.118458
1.652013 0.316141
1.501785 0.243522
1.874050 0.410199
1.783929 0.170064
1.878033 0.239799
1.693411 0.478256
1.649342 0.421262
1.913785 0.269951
1.674612 0.368023
1.834819 0.235466
1.554018 0.016114
1.688787 0.307199
1.852977 0.331721
1.840037 0.353282
1.833537 0.179189
1.993561 0.114353
1.956542 0.377544
1.838160 0.336848
1.794626 0.023408
1.889752 0.305277
1.747276 0.408963
1.550447 0.227531
1.697989 0.112415
1.649281 0.175481
1.504608 0.089755
1.979720 0.034532
1.963301 0.345378
1.600085 0.165105
1.636647 0.010041
1.912244 0.229041
1.686804 0.404233
1.784204 0.384274
1.604038 0.414792
1.732292 0.300806
1.971435 0.263451
1.928587 0.200980
1.656346 0.494812
1.549043 0.377392
1.569292 0.262337
1.728263 0.391461
1.880810 0.240287
1.636052 0.405744
1.836879 0.239753
1.942030 0.353145
1.563707 0.356838
1.683187 0.396313
1.502457 0.231391
1.800699 0.379986
1.864223 0.243950
1.861080 0.229774
1.746391 0.229545
1.727714 0.000351
1.800668 0.036042
1.698096 0.026093
1.593478 0.005402
1.872494 0.377499
1.549409 0.205985
1.769784 0.076220
1.618213 0.493789
1.955962 0.272317
1.556169 0.231101
1.700827 0.336177
1.962264 0.240379
1.928892 0.068880
1.959838 0.321680
1.979522 0.483749
1.664541 0.411573
1.942549 0.362239
1.828791 0.211982
1.584613 0.037553
1.803858 0.366665
1.631901 0.108783
0.209769 1.513810
0.424970 1.538804
0.453963 1.792673
0.211310 1.839259
0.489151 1.632450
0.091281 1.795343
0.451079 1.901563
0.382778 1.934034
0.066790 1.745247
0.420728 1.688299
0.474059 1.690023
0.056581 1.961043
0.342418 1.842570
0.373791 1.541261
0.436888 1.761757
0.384548 1.576174
0.014328 1.831370
0.223777 1.551897
0.193808 1.712210
0.105686 1.986206
0.190863 1.701178
0.058748 1.786126
0.056932 1.575869
0.204474 1.974059
0.314127 1.752602
0.095965 1.734703
0.126209 1.836009
0.381497 1.986847
0.396344 1.888394
0.308893 1.932371
0.432112 1.996948
0.336619 1.786157
0.068712 1.966903
0.366558 1.639561
0.390652 1.718833
0.364803 1.661016
0.442732 1.718131
0.385601 1.586489
0.070971 1.514908
0.264229 1.703253
0.283975 1.722266
0.494644 1.779794
0.275460 1.511261
0.057009 1.645314
0.498505 1.950636
0.211341 1.871639
0.432264 1.769127
0.022385 1.760811
0.431623 1.869243
0.131733 1.591464
0.300439 1.669591
0.042467 1.827250
0.479217 1.604846
0.432279 1.740028
0.487457 1.860897
0.260399 1.651524
0.011628 1.673406
0.184225 1.746071
0.279321 1.768197
0.051057 1.657796
0.109958 1.771096
0.480682 1.785470
0.283166 1.665853
0.304315 1.537843
0.114872 1.627873
0.375896 1.962905
0.382290 1.812174
0.020661 1.963973
0.487945 1.923460
0.137410 1.555910
0.003739 1.646641
0.219474 1.864422
0.485504 1.765816
0.310373 1.821635
0.198462 1.549745
0.159658 1.761223
0.144902 1.732261
0.094531 1.865871
0.033738 1.665242
0.372936 1.670614
0.083453 1.972915
0.033708 1.574786
0.298425 1.784875
0.009445 1.565966
0.109668 1.876690
0.017701 1.608982
0.020386 1.795633
0.496063 1.903073
0.147084 1.799905
0.096820 1.960234
0.296701 1.689581
0.006943 1.708136
0.470641 1.857189
0.108722 1.570482
0.436110 1.636097
0.246925 1.728111
0.255470 1.775063
0.118000 1.513672
0.414228 1.616626
0.047044 1.643605
0.438276 1.807962
0.168020 1.739708
0.141011 1.621937
0.272897 1.844279
0.391064 1.716712
0.345454 1.881222
0.040925 1.911908
0.045198 1.766732
0.407605 1.809549
0.157155 1.622593
0.445448 1.837809
0.273095 1.794885
0.002106 1.545686
0.219718 1.631748
0.298151 1.726997
0.499802 1.722877
0.020722 1.701270
0.261330 1.554155
0.172384 1.830287
0.060854 1.780450
0.065203 1.597903
0.436277 1.569567
0.101199 1.831614
0.054796 1.720847
0.229347 1.893704
0.451872 1.511063
0.220054 1.920377
0.126347 1.971206
0.147740 1.936781
0.007920 1.546785
0.221824 1.926160
0.062136 1.845424
0.357189 1.681249
0.048723 1.924039
0.124363 1.515992
0.198935 1.819605
0.470428 1.665777
0.327418 1.775903
0.350703 1.954192
0.144276 1.869884
0.162557 1.554567
0.283013 1.990432
0.121418 1.924482
0.309763 1.872875
0.469802 1.740913
0.229820 1.642232
0.159948 1.914914
0.256676 1.568468
0.400861 1.513153
0.359447 1.986679
1.709998 1.665044
1.854244 1.585406
1.860744 1.783242
1.555132 1.516449
1.865688 1.675741
1.750282 1.528932
1.887051 1.877743
1.518860 1.580813
1.714103 1.781381
1.654500 1.631367
1.698904 1.891354
1.710715 1.567125
1.790429 1.784707
1.934095 1.964949
1.558138 1.602878
1.600803 1.645024
1.845424 1.654027
1.521989 1.717139
1.943297 1.953856
1.733802 1.573092
1.925626 1.783029
1.637577 1.528672
1.535752 1.589389
1.605853 1.568010
1.765816 1.812983
1.819880 1.893811
1.518738 1.961913
1.854045 1.736137
1.994201 1.517563
1.773247 1.623280
1.688543 1.996933
1.758309 1.567660
1.649876 1.750130
1.525575 1.869716
1.878384 1.821741
1.555940 1.993316
1.513001 1.953398
1.899075 1.715415
1.694739 1.556368
1.568529 1.503388
1.747368 1.731803
1.793313 1.822901
1.566179 1.667074
1.641392 1.829554
1.855388 1.986221
1.781075 1.647664
1.604663 1.882427
1.895550 1.688787
1.945769 1.611209
1.516480 1.713645
1.779412 1.671712
1.792169 1.590167
1.813547 1.754860
1.955763 1.951109
1.903195 1.786096
1.509507 1.703986
1.832713 1.640996
1.890347 1.596973
1.931181 1.861980
1.632435 1.793313
1.661214 1.953917
1.792673 1.657796
1.572253 1.587130
1.654241 1.708243
1.758583 1.785714
1.974334 1.935118
1.712882 1.929212
1.791238 1.942473
1.716010 1.646046
1.556810 1.613300
1.653386 1.926649
1.609622 1.752419
1.898923 1.534333
1.754662 1.910031
1.656804 1.542299
1.965011 1.838969
1.902051 1.574618
1.971236 1.789102
1.810190 1.579455
1.754250 1.591479
1.816996 1.712745
1.706839 1.735893
1.698477 1.660222
1.980041 1.894528
1.812342 1.976180
1.779489 1.595187
1.890805 1.766717
1.627766 1.996979
1.526200 1.796228
1.858074 1.971633
1.739311 1.844447
1.855022 1.943678
1.771355 1.892880
1.808115 1.692541
1.990478 1.968383
1.993530 1.569567
1.552721 1.721992
1.849879 1.833384
1.708975 1.571459
1.863552 1.556322
1.897549 1.985122
1.529176 1.805582
1.513977 1.735649
1.900967 1.551531
1.997894 1.701682
1.500488 1.507004
1.628010 1.545351
1.596576 1.850246
1.665761 1.843883
1.622745 1.534745
1.738212 1.503525
1.748177 1.639225
1.600711 1.533815
1.867458 1.960616
1.670248 1.510193
1.524934 1.803522
1.969832 1.803369
1.539399 1.668935
1.874599 1.903363
1.844386 1.795618
1.800424 1.916364
1.809992 1.757012
1.725379 1.562624
1.561846 1.567095
1.685003 1.753426
1.562731 1.998001
1.631657 1.575198
1.972442 1.562761
1.798929 1.759178
1.551653 1.866253
1.961364 1.964339
1.625431 1.777291
1.730476 1.952055
1.871838 1.625294
1.777474 1.980453
1.951323 1.874355
1.623356 1.996551
1.742714 1.978118
1.887005 1.954527
1.701163 1.868282
1.631901 1.837947
1.603778 1.780145
1.702200 1.714240
1.698645 1.868160
1.688528 1.899655
1.522736 1.814585
1.914441 1.562426
1.904431 1.884548
1.583895 1.842921
1.916211 1.630345
0.384448 1.054463
0.234541 0.958818
0.287545 1.111289
0.066396 1.153929
0.337291 1.135899
0.034364 1.034761
0.009973 0.963591
0.039772 0.875747
0.347459 0.873745
0.029823 1.079171
0.011011 1.077963
0.183245 0.868410
0.251827 0.858913
0.143535 1.038179
0.110111 1.022651
0.312363 0.924332
0.155889 1.126487
0.015589 1.155626
0.083560 1.145286
0.354601 1.150084
0.072817 1.038520
0.155046 0.918339
0.028639 1.080599
0.026002 0.936613
0.212506 0.816919
0.141545 0.851515
0.177642 1.108335
0.357701 1.179650
0.320627 1.126218
0.276840 1.163988
0.161895 1.161010
0.272433 0.949944
0.067690 1.106369
0.286337 0.843483
0.125883 1.081723
0.211213 1.013630
0.088186 0.855568
0.270724 0.802100
0.091311 0.932011
0.009766 1.002496
0.069521 1.163121
0.307480 1.071444
0.371105 0.949602
0.225214 1.034321
0.291171 0.892166
0.302438 0.848012
0.233515 1.156273
0.112528 0.983172
0.213703 0.812549
0.091397 0.988543
0.016187 1.015644
0.251192 0.999774
0.117850 1.083639
0.191632 0.955278
0.290255 1.140989
0.221650 0.881704
0.193597 1.187060
0.003467 1.011286
0.074294 1.053047
0.131999 1.093844
0.279183 1.109616
0.261861 0.865761
0.098489 0.987860
0.394470 1.038569
0.250240 0.976031
0.137919 1.169408
0.318650 0.954546
0.151958 0.976153
0.258785 1.131797
0.190558 1.059615
0.080276 1.043159
0.354711 1.195044
0.022315 1.075936
0.367931 0.955925
0.132646 0.982427
1.886752 0.832130
1.962902 0.843873
1.859090 1.005231
1.692862 0.947661
1.942540 1.143175
1.796173 0.840236
1.995532 1.177172
1.759880 0.818470
1.853487 0.822974
1.770452 0.921622
1.802728 1.009333
1.878646 1.086679
1.964513 0.975799
1.755791 1.129466
1.801703 1.002716
1.954076 1.014020
1.960656 0.935649
1.783026 0.872793
1.660634 0.866897
1.915171 0.840053
1.843587 0.936540
1.632838 0.961138
1.696341 1.015449
1.629078 0.839930
1.958190 0.832899
1.874850 0.887210
1.825898 0.911185
1.865157 0.832179
1.669118 0.869790
1.956627 0.959844
1.968212 1.061531
1.908969 0.936601
1.887399 0.903275
1.742802 0.886709
1.895517 1.063753
1.826447 1.181970
1.846907 0.870718
1.704105 0.807178
1.734989 0.900369
1.777899 1.163952
1.731010 0.911100
1.756426 1.175158
1.920347 1.084420
1.982092 0.952837
1.949107 1.135313
1.949901 1.091794
1.793292 0.854714
1.730241 0.851418
1.863167 1.046468
1.807929 1.088437
1.655202 0.821278
1.850227 0.802759
1.964330 1.010273
1.916306 1.159337
1.868624 0.860549
1.820502 1.048030
1.899411 0.975262
1.762175 0.844496
1.808808 0.860744
1.934227 0.834254
1.947545 0.843153
1.823225 0.962505
1.865365 1.117161
1.713321 1.172265
1.946666 0.889138
1.906662 0.993304
1.693741 1.177477
1.772552 0.844350
1.670144 1.032246
1.738273 0.911039
1.916843 1.137095
1.933543 0.862197
1.853304 0.955559
1.801544 1.066854
1.676528 0.984417
1.188867 0.474615
1.069979 0.576632
0.826685 0.421696
0.835267 0.696203
1.116111 0.525398
0.859072 0.667736
1.129685 0.529170
0.827601 0.482818
1.141954 0.661132
1.101218 0.526179
1.001373 0.568270
0.961785 0.483612
0.856166 0.388980
0.845155 0.694665
0.946525 0.626304
0.971282 0.312183
0.975774 0.484527
0.984478 0.431535
0.972893 0.531574
1.016401 0.551729
0.959001 0.549580
1.184106 0.531147
0.930241 0.436332
1.135814 0.400308
0.869448 0.619980
1.056819 0.594125
1.099460 0.649486
0.948076 0.566219
1.090060 0.423392
1.189905 0.347743
1.031599 0.319398
0.803308 0.613266
1.087252 0.687170
0.821632 0.616172
1.036934 0.566854
1.184655 0.356069
0.824928 0.496100
0.967925 0.340809
1.124058 0.467656
1.159862 0.505426
0.828590 0.300293
0.998785 0.450652
0.988861 0.685620
1.082870 0.563533
0.899368 0.572958
1.064974 0.582492
1.053707 0.355263
1.145384 0.369411
1.078085 0.518146
1.174511 0.651341
0.956413 0.414713
0.978375 0.494122
0.859291 0.428715
0.919230 0.470672
1.089340 0.588449
1.103745 0.686157
1.055428 0.493988
1.051436 0.622788
1.188440 0.420133
1.035762 0.366665
1.110764 0.457683
0.910318 0.579073
1.172350 0.355458
0.832716 0.374844
1.065548 0.525642
0.898636 0.470330
1.031428 0.474895
0.898477 0.363234
0.970000 0.323695
0.809229 0.507147
0.966814 0.476556
0.833985 0.642991
0.948466 0.305445
0.801575 0.450102
0.979534 0.509015
0.938896 1.479229
1.113401 1.410099
1.028388 1.330152
1.109482 1.454057
1.163121 1.436332
0.929423 1.370278
1.112119 1.418973
1.124570 1.459575
1.108322 1.373269
0.827467 1.469805
1.071603 1.449150
0.859719 1.322303
1.079586 1.688928
0.868764 1.351552
0.898526 1.484625
0.805994 1.520685
0.986908 1.417325
0.858925 1.675243
1.184106 1.640941
0.949590 1.497662
1.096799 1.573092
1.112009 1.425211
1.195508 1.455535
1.060945 1.593490
1.033784 1.346596
1.064608 1.668334
0.802527 1.308118
0.833778 1.428532
1.032038 1.549434
0.939836 1.361708
1.054122 1.490936
1.074178 1.536128
1.036921 1.309583
0.861513 1.610593
1.004914 1.329078
1.139647 1.445341
0.856520 1.616855
1.018085 1.576083
1.191870 1.550838
1.028144 1.413810
0.963237 1.318079
0.876809 1.633030
0.960710 1.507978
0.917191 1.410562
1.145360 1.562520
1.047737 1.377822
0.842640 1.646068
0.952922 1.348781
1.008564 1.497125
0.997821 1.686193
1.180786 1.624766
0.889102 1.368679
1.127561 1.611875
1.014948 1.621030
1.006769 1.688183
1.176269 1.370278
0.847584 1.535078
0.821998 1.390164
1.167357 1.685156
1.100705 1.396219
1.136045 1.478668
0.840992 1.354262
0.900931 1.339552
1.173583 1.664611
0.883950 1.333534
0.907010 1.484564
1.064119 1.370656
0.969964 1.451762
1.057637 1.414884
0.832350 1.670702
0.808264 1.463347
0.817908 1.625095
1.100192 1.657445
0.820594 1.678527
0.906119 1.488556
0.687582 1.629322
1.915464 1.804254
0.653157 1.289773
0.641499 1.367412
0.149907 0.010315
1.538682 1.424787
1.953734 0.003601
1.349345 0.609699
0.583331 1.455855
1.285195 0.975616
1.813105 0.241157
1.134739 1.923338
0.140873 1.764702
0.984649 1.287759
0.777490 1.246803
1.616138 0.398144
1.716910 1.761589
1.640065 0.922880
0.451003 0.341258
0.432752 0.311899
0.892544 1.460616
0.935148 1.649953
1.065828 0.210883
1.377483 0.731468
1.131138 0.479873
1.992492 0.171636
0.302499 0.446425
1.779351 1.364605
0.223273 0.705222
1.380963 0.101321
1.360637 1.332255
1.136753 0.661519
1.982421 1.204443
0.374096 0.189093
0.278695 1.885495
1.000153 0.166509
1.189856 1.391095
1.457381 0.798669
0.504715 0.144841
0.104556 1.119419
1.790399 0.438856
0.086306 0.633747
0.716514 1.710013
0.752953 1.307047
0.337230 0.945585
1.694266 1.714774
1.891903 0.530351
0.448439 0.164922
0.687887 0.847133
1.950072 0.605426
1.628834 1.944273
0.777612 0.129032
1.948790 1.581591
0.265938 1.889096
1.716300 1.968078
1.542955 0.236946
1.671072 0.503189
0.555559 1.895505
0.954070 0.835047
0.145940 1.979675
0.295785 1.546800
1.241432 0.677328
1.223304 0.784875
0.219672 1.403119
0.849330 0.141301
0.512833 0.236702
0.806604 0.102054
1.511826 1.459700
1.888363 0.374340
0.834010 1.001740
0.958769 1.405499
1.017243 0.609943
1.695486 0.405774
0.701376 0.553179
1.726554 0.187384
1.361126 1.674001
1.724418 0.132328
1.651845 0.600909
1.019440 1.602222
0.431349 0.933073
1.295450 1.101169
0.520157 0.210456
0.929716 1.505966
0.261788 1.481246
1.540452 0.674215
0.947295 1.279763
1.302896 1.744926
1.164708 0.826807
0.598468 0.442091
0.137638 0.265450
0.557878 1.695181
1.113804 0.744041
0.061037 0.888333
0.867397 0.159673
1.757439 0.051210
0.376965 1.374554
0.667257 0.303354
0.741905 0.716575
1.928404 0.865322
1.399213 1.578967
1.249245 1.948485
0.703818 0.928617
0.632038 1.836360
1.935057 1.538438
0.927519 1.469955
0.790551 1.753594
1.784478 0.849147
1.431867 1.606311
0.556230 0.563250
1.142552 1.090670
0.726707 0.763207
0.662496 1.409589
1.418439 0.886990
0.260628 1.007538
0.545183 0.452162
0.607990 1.200537
1.171545 0.226814
0.514298 1.216468
1.642018 0.092349
0.590350 1.458113
1.042390 0.909818
0.898892 0.801111
0.555254 0.702475
1.655629 0.739769
0.272897 0.468215
1.044160 0.192999
0.029359 1.932127
1.206397 1.782891
1.815119 0.553789
0.471450 1.398236
0.335337 0.100955
0.884854 1.856258
1.276467 0.101627
1.101840 0.473769
1.841121 0.488113
1.705557 1.361797
1.115452 0.744530
1.013947 0.254341
0.831690 1.871029
0.437880 0.685934
0.086550 0.476638
1.451643 1.328654
0.580035 1.314127
1.239601 1.301553
1.935850 1.567858
1.081698 1.266152
1.666555 1.208716
0.538835 1.118870
1.345866 0.727744
1.502182 0.093692
